20000  1290.331947
21000  4256.360625
22000  11318.332498
23000  25550.786118
24000  49733.489696
25000  86189.566976
26000  138290.467109
27000  205390.873590
28000  287788.920977
29000  382576.168741
30000  485623.267242
31000  596122.724436
32000  711273.590581
33000  826742.766375
34000  939820.147380
35000  1047729.062874
36000  1150539.059056
37000  1244635.278717
38000  1331831.127786
39000  1407224.569060
40000  1476288.253443
41000  1534307.433400
42000  1583532.635394
43000  1624233.785449
44000  1657457.044999
45000  1682433.441944
46000  1701315.404531
47000  1713460.213407
48000  1718335.946780
49000  1718742.531094
50000  1713996.113696
51000  1703905.244933
52000  1690124.178941
53000  1674403.312383
54000  1654582.124950
55000  1631877.509124
56000  1607060.632707
57000  1579670.306261
58000  5617503.215235
59000  1521666.191280
60000  1489618.649493
61000  1456980.445683
62000  1423856.597440
63000  1388813.758766
64000  1354949.492585
65000  1318692.422996
66000  1283801.267409
67000  3837329.011363
68000  1211292.035710
69000  1861343.647697
70000  1090401.368692
71000  1057523.522116
72000  1025290.438640
73000  992441.274278
74000  959764.267144
75000  926847.049350
76000  893574.531100
77000  860628.999562
78000  828378.931797
79000  795064.554438
80000  762431.637340
81000  729355.670608
82000  697456.780608
83000  664507.891388
84000  631736.541320
85000  598804.393333
86000  566640.855450
87000  533710.087787
88000  501398.726707
89000  467806.876637
90000  435243.995553
91000  401185.013939
92000  368180.470318
93000  333333.037852
94000  299320.038727
95000  261247.237168
96000  223859.970532
97000  186466.092263
98000  149988.582482
99000  74063.913828
100000  -1

